q              = 0.14999999999999999 0 1e-03 1 1
iangle         = 79.569999999999993 0 1e-04 1 1
r1             = 0.017999999999999999 0 1e-04 1 1
r2             = -1 0.05 0.002 0 1
cphi3          = 0.036000000000000004 0.001 0.001 0 1
cphi4          = 0.044000000000000004 0.001 0.001 0 1
spin1          = 1 0.001 0.001 0 1
spin2          = 1 0.001 0.001 0 1
t1             = 13500 0 10 1 1
t2             = 2800 0 1 0 1
ldc1_1         = 0.14319999999999999 0.01 0.01 0 1
ldc1_2         = 0.34599999999999997 0.01 0.01 0 1
ldc1_3         = 0 0.01 0.01 0 1
ldc1_4         = 0 0.01 0.01 0 1
ldc2_1         = 1.2373 0.001 0.0001 0 1
ldc2_2         = -0.2296 0.001 0.0001 0 1
ldc2_3         = 0 0.001 0.0001 0 1
ldc2_4         = 0 0.001 0.001 0 1
velocity_scale = 330 1 1 0 1
beam_factor1   = 3.0215000000000001 0.1 0.02 0 1
beam_factor2   = 0 0.1 0.002 0 1

t0             = 2458851.3006204697 0 1e-09 1 1
period         = 0.062362842600000003 0 1e-06 0 1
pdot           = 0 0 0 0 1
deltat         = 0 0.001 0.001 0 1
gravity_dark1  = 0.25 0.1 0.0001 0 1
gravity_dark2  = 0.080000000000000002 0.01 0.0001 0 1
absorb         = 0 0.1 0.001 0 1
slope          = 0 0.01 1e-05 0 1

quad           = 0 0.01 1e-05 0 1

cube           = 0 0.01 1e-05 0 1

third          = 0 0.01 1e-05 0 1

rdisc1         = 0 0 0 0 1
rdisc2         = 0 0 0 0 1
height_disc    = 0 0 0 0 1
beta_disc      = 0 0 0 0 1
temp_disc      = 0 0 0 0 1
texp_disc      = 0 0 0 0 1
lin_limb_disc  = 0 0 0 0 1
quad_limb_disc = 0 0 0 0 1

radius_spot    = 0 0 0 0 1
length_spot    = 0 0 0 0 1
height_spot    = 0 0 0 0 1
expon_spot     = 0 0 0 0 1
epow_spot      = 0 0 0 0 1
angle_spot     = 0 0 0 0 1
yaw_spot       = 0 0 0 0 1
temp_spot      = 0 0 0 0 1
tilt_spot      = 0 0 0 0 1
cfrac_spot     = 0 0 0 0 1

stsp11_long    = 10 0 1 1 1
stsp11_lat     = 0 0 1 1 1
stsp11_fwhm    = 40 0 1 1 1
stsp11_tcen    = 32000 0 10 1 1

stsp21_long    = 0 0 0 0 1
stsp21_lat     = 0 0 0 0 1
stsp21_fwhm    = 0 0 0 0 1
stsp21_tcen    = 0 0 0 0 1

delta_phase    = 1e-07
nlat1f         = 500
nlat2f         = 100
nlat1c         = 100
nlat2c         = 100
npole          = 1
nlatfill       = 0
nlngfill       = 0
lfudge         = 0
llo            = 0
lhi            = 0
phase1         = 0.05
phase2         = 0.45
wavelength     = 482.5
roche1         = 0
roche2         = 1
eclipse1       = 1
eclipse2       = 1
glens1         = 0
use_radii      = 1
tperiod        = 0.0623628
gdark_bolom1   = 1
gdark_bolom2   = 1
mucrit1        = 0
mucrit2        = 0
limb1          = Poly
limb2          = Poly
mirror         = 0
add_disc       = 0
nrad           = 0
opaque         = 0
add_spot       = 0
nspot          = 1
iscale         = 0
