q              = 0.14367554593285478 0.05 0.01 1 1
iangle         = 79.92965595296657 0.5 0.01 1 1
r1             = 0.015179931495986392 0.005 0.0001 1 1
r2             = -1 0.05 0.0002 0 1
cphi3          = 0.017000000000000001 0.001 0.001 0 1
cphi4          = 0.025000000000000001 0.001 0.001 0 1
spin1          = 1 0.001 0.001 0 1
spin2          = 1 0.001 0.001 0 1
t1             = 11758.470257441815 1000 100 1 1
t2             = 2924.4115558357512 500 10 1 1
ldc1_1         = 0.14319999999999999 0.01 0.01 0 1
ldc1_2         = 0.34599999999999997 0.01 0.01 0 1
ldc1_3         = 0 0.01 0.01 0 1
ldc1_4         = 0 0.01 0.01 0 1
ldc2_1         = 1.3282 0.001 0.0001 0 1
ldc2_2         = -0.35289999999999999 0.001 0.0001 0 1
ldc2_3         = 0 0.001 0.0001 0 1
ldc2_4         = 0 0.001 0.001 0 1
velocity_scale = 330 1 1 0 1
beam_factor1   = 3.0215000000000001 0.1 0.02 0 1
beam_factor2   = 0 0.1 0.002 0 1

t0             = 2458851.3006287981 1e-06 1e-07 1 1
period         = 0.062362842600000003 6e-10 1e-11 0 1
pdot           = -5.1000000000000003e-17 1e-18 1e-19 0 1
deltat         = 0 0.001 0.001 0 1
gravity_dark1  = 0.25 0.1 0.0001 0 1
gravity_dark2  = 0.080000000000000002 0.01 0.0001 0 1
absorb         = 1.72 0.1 0.001 0 1
slope          = 0 0.01 1e-05 0 1

quad           = 0 0.01 1e-05 0 1

cube           = 0 0.01 1e-05 0 1

third          = 0 0.01 1e-05 0 1

rdisc1         = 0 0 0 0 1
rdisc2         = 0 0 0 0 1
height_disc    = 0 0 0 0 1
beta_disc      = 0 0 0 0 1
temp_disc      = 0 0 0 0 1
texp_disc      = 0 0 0 0 1
lin_limb_disc  = 0 0 0 0 1
quad_limb_disc = 0 0 0 0 1

radius_spot    = 0 0 0 0 1
length_spot    = 0 0 0 0 1
height_spot    = 0 0 0 0 1
expon_spot     = 0 0 0 0 1
epow_spot      = 0 0 0 0 1
angle_spot     = 0 0 0 0 1
yaw_spot       = 0 0 0 0 1
temp_spot      = 0 0 0 0 1
tilt_spot      = 0 0 0 0 1
cfrac_spot     = 0 0 0 0 1

stsp11_long    = 0 5 1 0 1
stsp11_lat     = 0 5 0.5 0 1
stsp11_fwhm    = 0 5 0 0 1
stsp11_tcen    = 0 500 100 0 1

stsp21_long    = 0 0 0 0 1
stsp21_lat     = 0 0 0 0 1
stsp21_fwhm    = 0 0 0 0 1
stsp21_tcen    = 0 0 0 0 1

delta_phase    = 1e-10
nlat1f         = 100
nlat2f         = 100
nlat1c         = 50
nlat2c         = 50
npole          = 1
nlatfill       = 0
nlngfill       = 0
lfudge         = 0
llo            = 0
lhi            = 0
phase1         = 0.05
phase2         = 0.45
wavelength     = 482.5
roche1         = 0
roche2         = 1
eclipse1       = 1
eclipse2       = 1
glens1         = 1
use_radii      = 1
tperiod        = 0.0623628
gdark_bolom1   = 1
gdark_bolom2   = 1
mucrit1        = 0
mucrit2        = 0
limb1          = Poly
limb2          = Poly
mirror         = 0
add_disc       = 0
nrad           = 0
opaque         = 0
add_spot       = 0
nspot          = 1
iscale         = 0
